192.56352	1.09608	1.31938
194.15912	1.10694	1.33451
195.75473	1.11795	1.34947
197.35039	1.1291	1.36426
198.94606	1.14039	1.37888
200.54176	1.15182	1.39333
202.13748	1.16338	1.40762
203.73325	1.17507	1.42175
205.32903	1.1869	1.43571
206.92484	1.19885	1.44951
208.52066	1.21092	1.46315
210.1165	1.22311	1.47663
211.71237	1.23543	1.48994
213.30827	1.24786	1.5031
214.90421	1.2604	1.51609
216.50015	1.27306	1.52893
218.09612	1.28583	1.5416
219.69209	1.29871	1.55412
221.28812	1.3117	1.56648
222.88413	1.32479	1.57868
224.48019	1.33799	1.59073
226.07626	1.35128	1.60261
227.67236	1.36468	1.61434
229.26846	1.37818	1.62591
230.86459	1.39177	1.63732
232.46074	1.40546	1.64858
234.05692	1.41924	1.65968
235.65311	1.43311	1.67062
237.24931	1.44707	1.68141
238.84554	1.46113	1.69204
240.44177	1.47527	1.70251
242.03801	1.48949	1.71282
243.63431	1.5038	1.72297
245.23056	1.51819	1.73297
246.82687	1.53267	1.74281
248.42319	1.54722	1.75249
250.01953	1.56185	1.76202
251.61588	1.57656	1.77138
253.21223	1.59135	1.78059
254.80859	1.60621	1.78963
256.40497	1.62114	1.79852
258.0014	1.63614	1.80725
259.59781	1.65121	1.81581
261.19421	1.66635	1.82422
262.79065	1.68156	1.83246
264.38709	1.69683	1.84055
265.98355	1.71216	1.84847
267.58002	1.72756	1.85623
269.17648	1.74302	1.86383
270.77298	1.75854	1.87126
272.36945	1.77411	1.87853
273.96597	1.78974	1.88564
275.56247	1.80543	1.89258
277.159	1.82117	1.89935
278.75552	1.83696	1.90597
280.35208	1.85281	1.91241
281.94861	1.8687	1.91869
283.54514	1.88464	1.92479
285.14169	1.90063	1.93073
286.73825	1.91667	1.9365
288.33484	1.93275	1.9421
289.9314	1.94888	1.94752
291.52799	1.96505	1.95277
293.12457	1.98128	1.95783
294.72113	1.99756	1.96271
296.31772	2.0139	1.96739
297.91431	2.03032	1.97186
299.5109	2.04686	1.97607
301.10748	2.06362	1.97993
302.70407	2.08092	1.98313
304.30069	2.10096	1.98361
305.89728	2.09467	2.00893
307.49387	2.12383	2.00034
309.09049	2.14181	2.00229
310.68707	2.15885	2.00498
312.28366	2.17561	2.00777
313.88028	2.19226	2.0105
315.47687	2.20886	2.01313
317.07346	2.22543	2.01562
318.67004	2.24198	2.01796
320.26663	2.25851	2.02014
321.86322	2.27504	2.02217
323.45981	2.29156	2.02403
325.0564	2.30806	2.02573
326.65295	2.32456	2.02726
328.24954	2.34105	2.02862
329.84613	2.35752	2.02982
331.44269	2.37399	2.03084
333.03925	2.39043	2.0317
334.63577	2.40686	2.03239
336.23233	2.42327	2.03291
337.82886	2.43966	2.03327
339.42539	2.45603	2.03345
341.02191	2.47238	2.03347
342.61844	2.48869	2.03332
344.21494	2.50498	2.033
345.81146	2.52124	2.03251
347.40793	2.53747	2.03186
349.00443	2.55366	2.03104
350.60089	2.56981	2.03005
352.19736	2.58593	2.0289
353.79379	2.60201	2.02758
355.39026	2.61804	2.0261
356.98666	2.63403	2.02446
358.5831	2.64997	2.02265
360.1795	2.66586	2.02068
361.77591	2.6817	2.01855
363.37228	2.69749	2.01625
364.96866	2.71323	2.0138
366.565	2.7289	2.01119
368.16135	2.74452	2.00842
369.75766	2.76008	2.00549
371.35397	2.77557	2.00241
372.95029	2.791	1.99917
374.54657	2.80636	1.99578
376.14285	2.82166	1.99223
377.73908	2.83688	1.98854
379.33533	2.85203	1.98469
380.93155	2.8671	1.98069
382.52777	2.8821	1.97655
384.12393	2.89701	1.97225
385.72009	2.91185	1.96781
387.31622	2.92661	1.96323
388.91238	2.94128	1.9585
390.50848	2.95587	1.95364
392.10455	2.97037	1.94863
393.70062	2.98478	1.94348
395.29669	2.99909	1.9382
396.89273	3.01332	1.93278
398.48871	3.02745	1.92723
400.08472	3.04149	1.92154
401.6807	3.05543	1.91572
403.27664	3.06927	1.90977
404.87256	3.08301	1.9037
406.46845	3.09664	1.8975
408.06433	3.11018	1.89117
409.66016	3.1236	1.88473
411.25601	3.13693	1.87816
412.85181	3.15014	1.87147
414.44757	3.16325	1.86467
416.0433	3.17624	1.85775
417.63907	3.18913	1.85071
419.23477	3.2019	1.84357
420.83041	3.21455	1.83631
422.42609	3.2271	1.82895
424.02173	3.23952	1.82148
425.61728	3.25183	1.81391
427.21289	3.26402	1.80623
428.80841	3.27609	1.79845
430.4039	3.28804	1.79058
431.99942	3.29987	1.78261
433.59482	3.31158	1.77454
435.19028	3.32316	1.76639
436.78565	3.33462	1.75814
438.38101	3.34596	1.7498
439.97638	3.35717	1.74138
441.57163	3.36825	1.73287
443.16693	3.37921	1.72428
444.76215	3.39004	1.71561
446.35736	3.40075	1.70686
447.95255	3.41132	1.69804
449.54767	3.42177	1.68914
451.14276	3.43209	1.68017
452.73785	3.44227	1.67113
454.33286	3.45233	1.66202
455.92789	3.46226	1.65285
457.52286	3.47206	1.64361
459.11777	3.48172	1.63431
460.71271	3.49126	1.62495
462.30756	3.50066	1.61553
463.90241	3.50993	1.60605
465.49716	3.51907	1.59652
467.09189	3.52808	1.58694
468.68662	3.53695	1.57731
470.28131	3.5457	1.56763
471.87592	3.55431	1.5579
473.47052	3.56279	1.54813
475.06509	3.57114	1.53832
476.65961	3.57936	1.52847
478.25409	3.58744	1.51857
479.84854	3.5954	1.50865
481.44293	3.60322	1.49868
483.03729	3.61092	1.48869
484.63159	3.61848	1.47866
486.22589	3.62591	1.4686
487.82013	3.63321	1.45852
489.41431	3.64038	1.44841
491.00845	3.64743	1.43827
492.60254	3.65434	1.42812
494.19663	3.66113	1.41794
495.79062	3.66778	1.40775
497.38461	3.67431	1.39753
498.97852	3.68072	1.38731
500.57242	3.68699	1.37707
502.16626	3.69315	1.36681
503.76007	3.69917	1.35655
505.35382	3.70507	1.34627
506.94751	3.71085	1.33599
508.54117	3.7165	1.32571
510.13477	3.72203	1.31542
511.72833	3.72744	1.30513
513.32184	3.73273	1.29483
514.91528	3.73789	1.28454
516.50867	3.74294	1.27425
518.10205	3.74786	1.26396
519.69544	3.75267	1.25367
521.2887	3.75736	1.24339
522.8819	3.76194	1.23312
524.47504	3.76639	1.22286
526.06818	3.77073	1.2126
527.66126	3.77496	1.20236
529.25421	3.77907	1.19213
530.84717	3.78307	1.18191
532.44006	3.78696	1.17171
534.03296	3.79074	1.16153
535.62573	3.79441	1.15136
537.21851	3.79796	1.14121
538.81116	3.80141	1.13108
540.40381	3.80476	1.12097
541.9964	3.80799	1.11088
543.58893	3.81112	1.10081
545.1814	3.81414	1.09077
546.7738	3.81706	1.08075
548.36615	3.81988	1.07076
549.9585	3.8226	1.06079
551.55072	3.82521	1.05085
553.14294	3.82773	1.04094
554.73505	3.83014	1.03106
556.32715	3.83246	1.02121
557.91913	3.83468	1.01139
559.51111	3.8368	1.0016
561.10297	3.83883	0.99184
562.69482	3.84077	0.98212
564.28662	3.84261	0.97243
565.8783	3.84436	0.96278
567.47003	3.84601	0.95316
569.06165	3.84758	0.94358
570.65314	3.84906	0.93404
572.24463	3.85045	0.92453
573.83606	3.85175	0.91507
575.42737	3.85297	0.90564
577.01868	3.8541	0.89625
578.60986	3.85514	0.8869
580.20105	3.8561	0.8776
581.79211	3.85698	0.86833
583.38318	3.85778	0.85911
584.97412	3.8585	0.84993
586.56506	3.85914	0.84079
588.15588	3.85969	0.83169
589.7467	3.86018	0.82264
591.33734	3.86058	0.81364
592.92798	3.86091	0.80467
594.51856	3.86116	0.79576
596.10907	3.86134	0.78689
597.69952	3.86145	0.77807
599.28992	3.86148	0.76929
600.88019	3.86144	0.76056
602.4704	3.86134	0.75188
604.06061	3.86116	0.74324
605.6507	3.86091	0.73465
607.24072	3.8606	0.72611
608.83069	3.86022	0.71762
610.42053	3.85978	0.70918
612.01038	3.85927	0.70079
613.6001	3.85869	0.69245
615.18976	3.85806	0.68416
616.77936	3.85736	0.67591
618.3689	3.8566	0.66772
619.95837	3.85577	0.65958
621.54773	3.85489	0.65149
623.13702	3.85395	0.64345
624.72626	3.85296	0.63546
626.31543	3.8519	0.62752
627.90448	3.85079	0.61963
629.49353	3.84962	0.6118
631.08246	3.8484	0.60401
632.67127	3.84713	0.59628
634.26013	3.8458	0.5886
635.84876	3.84442	0.58098
637.43738	3.84299	0.5734
639.026	3.8415	0.56588
640.61444	3.83997	0.55841
642.20282	3.83839	0.55099
643.79114	3.83676	0.54363
645.3794	3.83508	0.53631
646.96759	3.83335	0.52905
648.55566	3.83158	0.52185
650.14368	3.82977	0.51469
651.73157	3.82791	0.50759
653.31946	3.826	0.50054
654.90717	3.82405	0.49355
656.49487	3.82206	0.48661
658.08246	3.82003	0.47972
659.66998	3.81796	0.47288
661.25745	3.81584	0.4661
662.84479	3.81369	0.45937
664.43201	3.8115	0.45269
666.01917	3.80926	0.44607
667.60632	3.80699	0.4395
669.1933	3.80469	0.43298
670.78027	3.80235	0.42652
672.36707	3.79997	0.42011
673.95386	3.79755	0.41375
675.54053	3.79511	0.40745
677.12714	3.79262	0.40119
678.71362	3.79011	0.39499
680.30005	3.78756	0.38885
681.88635	3.78498	0.38275
683.47266	3.78237	0.37671
685.05878	3.77973	0.37072
686.6449	3.77705	0.36479
688.23084	3.77435	0.35891
689.81677	3.77162	0.35307
691.40253	3.76886	0.3473
692.98822	3.76607	0.34157
694.57385	3.76326	0.3359
696.15942	3.76042	0.33027
697.74487	3.75755	0.3247
699.3302	3.75465	0.31919
700.91547	3.75174	0.31372
702.50061	3.74879	0.30831
704.08569	3.74582	0.30294
705.67072	3.74283	0.29763
707.25555	3.73982	0.29237
708.84039	3.73678	0.28717
710.42511	3.73372	0.28201
712.00971	3.73064	0.27691
713.59418	3.72754	0.27185
715.17859	3.72442	0.26685
716.76294	3.72128	0.2619
718.34717	3.71811	0.25699
719.93134	3.71493	0.25214
721.51538	3.71173	0.24734
723.0993	3.70852	0.24259
724.68317	3.70528	0.23789
726.26691	3.70203	0.23325
727.85053	3.69876	0.22865
729.43414	3.69548	0.2241
731.01758	3.69217	0.2196
732.60095	3.68886	0.21515
734.1842	3.68553	0.21075
735.76733	3.68218	0.2064
737.3504	3.67882	0.2021
738.93335	3.67545	0.19785
740.51624	3.67206	0.19364
742.099	3.66867	0.18949
743.68164	3.66525	0.18538
745.26422	3.66183	0.18133
746.84662	3.6584	0.17732
748.42902	3.65495	0.17336
750.01123	3.6515	0.16945
751.59338	3.64803	0.16559
753.17542	3.64456	0.16178
754.75739	3.64107	0.15801
756.33923	3.63758	0.15429
757.92096	3.63408	0.15062
759.50256	3.63057	0.147
761.08411	3.62705	0.14342
762.66553	3.62352	0.1399
764.24683	3.61999	0.13642
765.828	3.61645	0.13298
767.40912	3.61291	0.1296
768.99011	3.60936	0.12626
770.57098	3.6058	0.12296
772.15173	3.60224	0.11972
773.73248	3.59867	0.11652
775.31299	3.5951	0.11336
776.89343	3.59153	0.11026
778.47376	3.58795	0.1072
780.05408	3.58437	0.10418
781.63416	3.58079	0.10121
783.21417	3.57721	0.09829
784.79407	3.57362	0.09541
786.3739	3.57003	0.09258
787.95355	3.56644	0.08979
789.53308	3.56285	0.08705
791.11261	3.55926	0.08435
792.69196	3.55567	0.0817
794.27112	3.55208	0.07909
795.85028	3.54849	0.07653
797.42932	3.5449	0.07401
799.00818	3.54132	0.07154
800.58698	3.53773	0.06911
802.16565	3.53415	0.06672
803.7442	3.53057	0.06438
805.32263	3.52699	0.06209
806.90094	3.52342	0.05983
808.47913	3.51985	0.05762
810.05725	3.51628	0.05546
811.63519	3.51272	0.05334
813.21301	3.50917	0.05126
814.79077	3.50562	0.04922
816.36841	3.50207	0.04723
817.94592	3.49853	0.04528
819.52325	3.495	0.04337
821.10059	3.49147	0.04151
822.67773	3.48795	0.03969
824.2547	3.48444	0.03791
825.83167	3.48094	0.03617
827.40839	3.47744	0.03448
828.98505	3.47396	0.03283
830.56165	3.47048	0.03122
832.13806	3.46702	0.02965
833.71436	3.46356	0.02813
835.29053	3.46011	0.02664
836.86658	3.45668	0.0252
838.44251	3.45326	0.0238
840.01837	3.44984	0.02244
841.59406	3.44645	0.02112
843.16962	3.44306	0.01984
844.745	3.43969	0.01861
846.32031	3.43633	0.01741
847.89551	3.43298	0.01626
849.47058	3.42965	0.01514
851.04559	3.42634	0.01407
852.62042	3.42304	0.01304
854.19501	3.41976	0.01204
855.76965	3.4165	0.01109
857.34406	3.41325	0.01018
858.91834	3.41002	0.00931
860.49255	3.40681	0.00848
862.06659	3.40362	0.00768
863.6405	3.40045	0.00693
865.21436	3.3973	0.00622
866.78796	3.39417	0.00554
868.36151	3.39106	0.00491
869.93494	3.38798	0.00431
871.50818	3.38492	0.00376
873.08136	3.38189	0.00324
874.65442	3.37888	0.00276
876.22736	3.3759	0.00232
877.80011	3.37294	0.00192
879.37268	3.37002	0.00156
880.94519	3.36712	0.00123
882.51746	3.36426	9.45E-4
884.08972	3.36143	6.96E-4
885.6618	3.35863	4.86E-4
887.23377	3.35588	3.14E-4
888.80566	3.35316	1.79E-4
890.37732	3.35048	8.2E-5
891.94891	3.34786	2.2E-5
893.52033	3.34529	0
895.09161	3.34279	0
896.66278	3.34035	0
898.23377	3.33797	0
899.80469	3.33562	0
901.37537	3.33332	0
902.94598	3.33105	0
904.51648	3.32882	0
906.08679	3.32662	0
907.65692	3.32445	0
909.22705	3.32232	0
910.797	3.32021	0
912.3667	3.31813	0
913.93634	3.31608	0
915.50586	3.31405	0
917.0752	3.31205	0
918.64441	3.31007	0
920.2135	3.30812	0
921.78241	3.30619	0
923.35126	3.30428	0
924.91992	3.3024	0
926.4884	3.30053	0
928.05676	3.29869	0
929.625	3.29686	0
931.19305	3.29506	0
932.76093	3.29327	0
934.3288	3.29151	0
935.89636	3.28976	0
937.46387	3.28803	0
939.03125	3.28631	0
940.59845	3.28462	0
942.16553	3.28294	0
943.73242	3.28128	0
945.29919	3.27963	0
946.86585	3.278	0
948.43231	3.27638	0
949.99866	3.27478	0
951.56482	3.2732	0
953.13086	3.27163	0
954.69678	3.27007	0
956.26251	3.26853	0
957.82813	3.267	0
959.39356	3.26549	0
960.9588	3.26398	0
962.52393	3.2625	0
964.08899	3.26102	0
965.65381	3.25956	0
967.21845	3.25811	0
968.78302	3.25667	0
970.34735	3.25524	0
971.91162	3.25383	0
973.47571	3.25243	0
975.03955	3.25104	0
976.60333	3.24966	0
978.16699	3.24829	0
979.73035	3.24694	0
981.29376	3.24559	0
982.85681	3.24425	0
984.4198	3.24293	0
985.98273	3.24162	0
987.54541	3.24031	0
989.10791	3.23902	0
990.67029	3.23773	0
992.23254	3.23646	0
993.79456	3.2352	0
995.35645	3.23394	0
996.91815	3.2327	0
998.4798	3.23146	0
1011.44952	3.22153	0
1014.83752	3.21903	0
1018.22595	3.21657	0
1021.61487	3.21415	0
1025.00427	3.21176	0
1028.39417	3.2094	0
1031.78442	3.20708	0
1035.17529	3.20478	0
1038.56665	3.20252	0
1041.95825	3.2003	0
1045.35059	3.1981	0
1048.74329	3.19593	0
1052.13648	3.19379	0
1055.53003	3.19167	0
1058.92419	3.18959	0
1062.31885	3.18753	0
1065.71387	3.1855	0
1069.1095	3.18349	0
1072.50549	3.18151	0
1075.90198	3.17955	0
1079.29895	3.17762	0
1082.69641	3.17571	0
1086.09436	3.17382	0
1089.49268	3.17196	0
1092.8916	3.17012	0
1096.29089	3.16829	0
1099.69067	3.16649	0
1103.09106	3.16471	0
1106.49182	3.16296	0
1109.89307	3.16122	0
1113.29468	3.1595	0
1116.69702	3.15779	0
1120.09961	3.15611	0
1123.50269	3.15445	0
1126.90637	3.1528	0
1130.31043	3.15117	0
1133.71497	3.14956	0
1137.12	3.14797	0
1140.52551	3.14639	0
1143.9314	3.14483	0
1147.33789	3.14328	0
1150.74487	3.14175	0
1154.15222	3.14024	0
1157.56006	3.13874	0
1160.96851	3.13725	0
1164.3772	3.13578	0
1167.7865	3.13433	0
1171.19629	3.13289	0
1174.60657	3.13146	0
1178.01721	3.13004	0
1181.42847	3.12864	0
1184.84009	3.12726	0
1188.2522	3.12588	0
1191.6648	3.12452	0
1195.07788	3.12317	0
1198.49146	3.12183	0
1201.90552	3.12051	0
1205.31995	3.11919	0
1208.73486	3.11789	0
1212.15027	3.1166	0
1215.56616	3.11532	0
1218.98267	3.11405	0
1222.39954	3.1128	0
1225.81677	3.11155	0
1229.23462	3.11031	0
1232.65295	3.10909	0
1236.07166	3.10787	0
1239.49085	3.10666	0
1242.91052	3.10547	0
1246.33081	3.10428	0
1249.75134	3.10311	0
1253.17249	3.10194	0
1256.59399	3.10078	0
1260.01611	3.09963	0
1263.43872	3.09849	0
1266.86157	3.09736	0
1270.28516	3.09624	0
1273.70911	3.09512	0
1277.13355	3.09402	0
1280.55835	3.09292	0
1283.98377	3.09183	0
1287.40967	3.09075	0
1290.83594	3.08968	0
1294.2627	3.08861	0
1297.68994	3.08756	0
1301.11768	3.08651	0
1304.5459	3.08546	0
1307.97461	3.08443	0
1311.40369	3.0834	0
1314.83337	3.08238	0
1318.26343	3.08137	0
1321.69409	3.08036	0
1325.12512	3.07936	0
1328.55652	3.07837	0
1331.98853	3.07738	0
1335.42102	3.0764	0
1338.85388	3.07543	0
1342.28735	3.07446	0
1345.72119	3.0735	0
1349.15552	3.07254	0
1352.59045	3.07159	0
1356.02564	3.07065	0
1359.46143	3.06971	0
1362.89771	3.06878	0
1366.33435	3.06786	0
1369.77161	3.06694	0
1373.20923	3.06602	0
1376.64734	3.06511	0
1380.08594	3.06421	0
1383.52502	3.06331	0
1386.9646	3.06242	0
1390.40454	3.06153	0
1393.84497	3.06065	0
1397.28589	3.05977	0
1400.72742	3.0589	0
1404.16931	3.05803	0
1407.61169	3.05717	0
1411.05444	3.05631	0
1414.4978	3.05546	0
1417.94165	3.05461	0
1421.38586	3.05377	0
1424.83069	3.05293	0
1428.27576	3.05209	0
1431.72144	3.05126	0
1435.16773	3.05044	0
1438.61426	3.04961	0
1442.06128	3.0488	0
1445.50891	3.04798	0
1448.95691	3.04717	0
1452.40552	3.04637	0
1455.85437	3.04557	0
1459.30396	3.04477	0
1462.75378	3.04398	0
1466.20422	3.04319	0
1469.65503	3.0424	0
1473.10632	3.04162	0
1476.55823	3.04084	0
1480.0105	3.04007	0
1483.46314	3.03929	0
1486.91638	3.03853	0
1490.37012	3.03776	0
1493.82434	3.037	0
1497.27893	3.03625	0
1500.73413	3.03549	0
1504.1897	3.03474	0
1507.64575	3.03399	0
1511.10217	3.03325	0
1514.5592	3.03251	0
1518.0166	3.03177	0
1521.47461	3.03104	0
1524.93298	3.03031	0
1528.39185	3.02958	0
1531.8512	3.02885	0
1535.31104	3.02813	0
1538.77124	3.02741	0
1542.23206	3.02669	0
1545.69324	3.02598	0
1549.15503	3.02527	0
1552.61719	3.02456	0
1556.07983	3.02385	0
1559.54297	3.02315	0
1563.00659	3.02245	0
1566.47058	3.02175	0
1569.93518	3.02106	0
1573.40015	3.02037	0
1576.8656	3.01968	0
1580.33154	3.01899	0
1583.79797	3.01831	0
1587.26489	3.01762	0
1590.73218	3.01694	0
1594.19995	3.01627	0
1597.66834	3.01559	0
1601.13709	3.01492	0
1604.60632	3.01425	0
1608.07605	3.01358	0
1611.54614	3.01291	0
1615.01685	3.01225	0
1618.48804	3.01159	0
1621.9596	3.01093	0
1625.43164	3.01027	0
1628.90418	3.00961	0
1632.3772	3.00896	0
1635.85071	3.00831	0
1639.32459	3.00766	0
1642.79907	3.00701	0
1646.27405	3.00636	0
1649.74927	3.00572	0
1653.22522	3.00508	0
1656.70142	3.00444	0
1660.1781	3.0038	0
1663.65552	3.00316	0
1667.13318	3.00253	0
1670.61133	3.0019	0
1674.09009	3.00127	0
1677.56909	3.00064	0
1681.04858	3.00001	0
1684.52869	2.99938	0
1688.00916	2.99876	0
