454.444824	2.983201	4.143516
456.035065	2.998223	4.148848
457.625336	3.013243	4.154115
459.215576	3.028259	4.159317
460.805756	3.043271	4.164454
462.395996	3.058278	4.169528
463.986176	3.073281	4.174537
465.576416	3.088279	4.179482
467.166595	3.103272	4.184362
468.756744	3.118259	4.189179
470.346924	3.133241	4.193933
471.937073	3.148217	4.198623
473.527191	3.163187	4.20325
475.11734	3.178149	4.207814
476.707428	3.193105	4.212315
478.297546	3.208055	4.216753
479.887634	3.222996	4.221128
481.477692	3.23793	4.225441
483.067719	3.252856	4.229692
484.657776	3.267775	4.23388
486.247803	3.282684	4.238007
487.837799	3.297585	4.242072
489.427795	3.312477	4.246075
491.017761	3.32736	4.250017
492.607727	3.342233	4.253897
494.197662	3.357097	4.257717
495.787537	3.371951	4.261475
497.377441	3.386794	4.265173
498.967285	3.401627	4.26881
500.557129	3.41645	4.272387
502.146973	3.431261	4.275904
503.736755	3.446061	4.279361
505.326569	3.46085	4.282758
506.916321	3.475627	4.286095
508.506042	3.490392	4.289373
510.095764	3.505145	4.292592
511.685455	3.519886	4.295751
513.275085	3.534613	4.298851
514.864746	3.549329	4.301893
516.454346	3.56403	4.304876
518.043945	3.578719	4.307801
519.633484	3.593394	4.310668
521.223022	3.608056	4.313477
522.812561	3.622703	4.316228
524.401978	3.637336	4.318921
525.991455	3.651955	4.321557
527.580872	3.666559	4.324136
529.170288	3.681148	4.326657
530.759644	3.695721	4.329122
532.348938	3.71028	4.331531
533.938232	3.724823	4.333882
535.527466	3.73935	4.336177
537.116699	3.753861	4.338417
538.705933	3.768357	4.3406
540.295044	3.782835	4.342728
541.884155	3.797297	4.3448
543.473267	3.811743	4.346817
545.062317	3.826171	4.348779
546.651306	3.840582	4.350686
548.240356	3.854976	4.352538
549.829224	3.869352	4.354336
551.418152	3.88371	4.356079
553.007019	3.89805	4.357769
554.595886	3.912373	4.359404
556.184692	3.926676	4.360985
557.773438	3.940961	4.362514
559.362183	3.955228	4.363988
560.950806	3.969475	4.36541
562.539429	3.983703	4.366778
564.128052	3.997913	4.368094
565.716614	4.012102	4.369358
567.305115	4.026272	4.370569
568.893616	4.040422	4.371727
570.482056	4.054552	4.372835
572.070435	4.068661	4.37389
573.658752	4.08275	4.374893
575.247009	4.096819	4.375846
576.835327	4.110868	4.376747
578.423462	4.124894	4.377597
580.011658	4.1389	4.378397
581.599731	4.152885	4.379146
583.187866	4.166848	4.379845
584.775818	4.18079	4.380494
586.363831	4.19471	4.381093
587.951721	4.208608	4.381641
589.539612	4.222484	4.382141
591.127441	4.236338	4.382591
592.71521	4.250169	4.382992
594.302917	4.263978	4.383345
595.890564	4.277764	4.383648
597.478149	4.291527	4.383904
599.065796	4.305268	4.38411
600.653259	4.318985	4.384269
602.240723	4.332679	4.38438
603.828125	4.346349	4.384443
605.415466	4.359996	4.384459
607.002808	4.373619	4.384428
608.590027	4.387218	4.384349
610.177185	4.400794	4.384224
611.764343	4.414345	4.384052
613.35144	4.427871	4.383833
614.938416	4.441373	4.383569
616.525391	4.454851	4.383258
618.112305	4.468305	4.382902
619.699158	4.481733	4.3825
621.28595	4.495136	4.382052
622.872681	4.508514	4.38156
624.459351	4.521867	4.381022
626.045898	4.535194	4.38044
627.632446	4.548497	4.379813
629.218933	4.561773	4.379141
630.805359	4.575024	4.378426
632.391724	4.588248	4.377666
633.978027	4.601448	4.376863
635.56427	4.61462	4.376017
637.150391	4.627767	4.375126
638.736511	4.640887	4.374193
640.322571	4.653981	4.373217
641.908508	4.667048	4.372198
643.494446	4.680089	4.371137
645.080261	4.693102	4.370033
646.666016	4.706089	4.368887
648.251709	4.719049	4.3677
649.837341	4.731982	4.36647
651.422974	4.744888	4.365199
653.008423	4.757766	4.363887
654.593872	4.770617	4.362534
656.179199	4.78344	4.361139
657.764526	4.796236	4.359704
659.349731	4.809004	4.358229
660.934875	4.821744	4.356713
662.519897	4.834456	4.355158
664.104919	4.84714	4.353562
665.689819	4.859796	4.351927
667.274719	4.872424	4.350252
668.859497	4.885024	4.348538
670.444214	4.897595	4.346785
672.028809	4.910138	4.344994
673.613403	4.922652	4.343163
675.197876	4.935137	4.341294
676.782288	4.947594	4.339386
678.366577	4.960021	4.337441
679.950806	4.972421	4.335458
681.535034	4.984791	4.333437
683.11908	4.997132	4.331379
684.703064	5.009443	4.329284
686.286987	5.021726	4.327151
687.87085	5.033979	4.324982
689.454651	5.046203	4.322776
691.03833	5.058397	4.320534
692.621948	5.070562	4.318255
694.205444	5.082697	4.31594
695.78894	5.094803	4.31359
697.372253	5.106878	4.311203
698.955505	5.118924	4.308782
700.538696	5.13094	4.306325
702.121826	5.142926	4.303833
703.704895	5.154882	4.301306
705.287781	5.166808	4.298745
706.870667	5.178704	4.296149
708.45343	5.190569	4.293519
710.036072	5.202404	4.290854
711.618652	5.214209	4.288156
713.201172	5.225984	4.285424
714.783569	5.237728	4.282659
716.365906	5.249441	4.27986
717.94812	5.261124	4.277028
719.530273	5.272776	4.274164
721.112366	5.284398	4.271266
722.694275	5.295988	4.268336
724.276184	5.307548	4.265374
725.857971	5.319077	4.26238
727.439636	5.330575	4.259354
729.02124	5.342042	4.256295
730.602722	5.353478	4.253206
732.184143	5.364883	4.250085
733.765442	5.376257	4.246933
735.34668	5.3876	4.243749
736.927795	5.398912	4.240535
738.508789	5.410192	4.237291
740.089722	5.421442	4.234016
741.670532	5.432659	4.230711
743.251282	5.443845	4.227375
744.831909	5.455	4.22401
746.412476	5.466124	4.220615
747.992859	5.477216	4.217191
749.573242	5.488276	4.213737
751.153442	5.499305	4.210255
752.733582	5.510303	4.206743
754.313599	5.521268	4.203202
755.893555	5.532202	4.199634
757.473389	5.543105	4.196036
759.053101	5.553976	4.19241
760.632751	5.564814	4.188757
762.21228	5.575621	4.185076
763.791687	5.586397	4.181366
765.370972	5.59714	4.17763
766.950195	5.607851	4.173866
768.529297	5.618531	4.170075
770.108276	5.629179	4.166258
771.687195	5.639794	4.162413
773.265991	5.650378	4.158542
774.844604	5.660929	4.154645
776.423218	5.671449	4.150721
778.001648	5.681937	4.146771
779.580017	5.692392	4.142796
781.158264	5.702816	4.138795
782.736389	5.713207	4.134768
784.314392	5.723566	4.130716
785.892334	5.733893	4.126639
787.470093	5.744188	4.122537
789.047791	5.754451	4.11841
790.625366	5.764681	4.114258
792.20282	5.774879	4.110083
793.780151	5.785046	4.105882
795.357422	5.795179	4.101658
796.934509	5.805281	4.09741
798.511536	5.81535	4.093138
800.088379	5.825387	4.088842
801.665161	5.835392	4.084523
803.241821	5.845364	4.080181
804.818359	5.855304	4.075816
806.394775	5.865212	4.071427
807.971069	5.875088	4.067017
809.547241	5.884931	4.062583
811.123291	5.894742	4.058127
812.69928	5.90452	4.053649
814.275085	5.914266	4.049149
815.850769	5.92398	4.044627
817.426392	5.933661	4.040083
819.001831	5.94331	4.035518
820.577148	5.952927	4.030931
822.152344	5.962512	4.026323
823.727417	5.972064	4.021695
825.302429	5.981583	4.017045
826.877258	5.99107	4.012374
828.451965	6.000525	4.007683
830.02655	6.009948	4.002971
831.601074	6.019338	3.998239
833.175415	6.028696	3.993487
834.749634	6.038022	3.988715
836.323608	6.047315	3.983924
837.897644	6.056576	3.979112
839.471497	6.065804	3.974281
841.045227	6.075001	3.969431
842.618774	6.084165	3.964562
844.1922	6.093296	3.959674
845.765503	6.102396	3.954767
847.338684	6.111462	3.949841
848.911743	6.120497	3.944897
850.48468	6.1295	3.939934
852.057434	6.13847	3.934953
853.630066	6.147408	3.929955
855.202637	6.156314	3.924938
856.775024	6.165187	3.919903
858.34729	6.174028	3.914851
859.919434	6.182838	3.909781
861.491394	6.191615	3.904695
863.063171	6.200359	3.899591
864.634949	6.209072	3.89447
866.206543	6.217753	3.889332
867.777954	6.226401	3.884178
869.349243	6.235017	3.879007
870.92041	6.243601	3.873819
872.491394	6.252153	3.868616
874.062317	6.260674	3.863396
875.633118	6.269162	3.85816
877.203735	6.277618	3.852908
878.774109	6.286042	3.847641
880.344421	6.294434	3.842358
881.914673	6.302794	3.83706
883.48468	6.311122	3.831747
885.054565	6.319418	3.826418
886.624329	6.327683	3.821075
888.19397	6.335916	3.815717
889.763367	6.344116	3.810344
891.332703	6.352285	3.804957
892.901978	6.360423	3.799555
894.471008	6.368528	3.794139
896.039856	6.376601	3.788709
897.608582	6.384643	3.783265
899.177124	6.392653	3.777807
900.745605	6.400632	3.772335
902.313843	6.408578	3.76685
903.882019	6.416494	3.761352
905.450073	6.424378	3.75584
907.017883	6.43223	3.750315
908.585632	6.440051	3.744776
910.153137	6.44784	3.739226
911.72052	6.455597	3.733663
913.287781	6.463324	3.728086
914.854858	6.471018	3.722497
916.421753	6.478682	3.716897
917.988586	6.486314	3.711283
919.555298	6.493915	3.705658
921.121704	6.501484	3.700021
922.68811	6.509023	3.694372
924.254211	6.51653	3.688711
925.82019	6.524005	3.683039
927.386047	6.53145	3.677356
928.951782	6.538864	3.67166
930.517273	6.546246	3.665954
932.082703	6.553597	3.660237
933.647949	6.560918	3.654509
935.213013	6.568207	3.64877
936.777954	6.575466	3.64302
938.342651	6.582694	3.63726
939.907227	6.58989	3.63149
941.47168	6.597056	3.625709
943.03595	6.604191	3.619918
944.600098	6.611295	3.614117
946.16394	6.618369	3.608306
947.727844	6.625412	3.602485
949.291382	6.632424	3.596655
950.854858	6.639406	3.590815
952.418152	6.646357	3.584966
953.981262	6.653277	3.579107
955.54425	6.660167	3.573239
957.107056	6.667027	3.567362
958.669617	6.673855	3.561476
960.232117	6.680655	3.555582
961.794434	6.687423	3.549678
963.356567	6.694161	3.543766
964.918579	6.700869	3.537845
966.480286	6.707546	3.531917
968.04187	6.714194	3.525979
969.603394	6.720811	3.520034
971.164673	6.727398	3.514081
972.725769	6.733955	3.508119
974.286743	6.740483	3.50215
975.847473	6.74698	3.496173
977.408081	6.753448	3.490189
978.968445	6.759884	3.484197
980.528687	6.766292	3.478198
982.088867	6.77267	3.472191
983.648743	6.779018	3.466178
985.208496	6.785336	3.460157
986.767944	6.791625	3.45413
988.327332	6.797884	3.448096
989.886597	6.804114	3.442055
991.445618	6.810314	3.436007
993.004517	6.816484	3.429953
994.56311	6.822625	3.423893
996.121582	6.828737	3.417826
997.679871	6.834819	3.411753
999.238098	6.840873	3.405674
1012.695129	6.891967	3.352906
1016.10675	6.904585	3.339457
1019.518555	6.917069	3.325981
1022.930542	6.929419	3.312478
1026.343018	6.941637	3.298948
1029.755493	6.953721	3.285395
1033.168335	6.965673	3.271817
1036.581299	6.977494	3.258216
1039.994751	6.989183	3.244594
1043.408203	7.000741	3.23095
1046.822021	7.012168	3.217287
1050.236084	7.023466	3.203604
1053.650269	7.034633	3.189904
1057.064697	7.045671	3.176186
1060.479492	7.05658	3.162452
1063.894409	7.067361	3.148702
1067.30957	7.078013	3.134938
1070.724976	7.088539	3.12116
1074.140625	7.098937	3.107369
1077.556396	7.109208	3.093567
1080.972534	7.119353	3.079753
1084.388916	7.129373	3.065929
1087.80542	7.139267	3.052096
1091.222046	7.149036	3.038254
1094.639038	7.158681	3.024405
1098.056274	7.168203	3.010548
1101.473511	7.1776	2.996686
1104.891235	7.186875	2.982818
1108.30896	7.196027	2.968946
1111.726929	7.205058	2.955071
1115.145264	7.213966	2.941192
1118.563599	7.222754	2.927311
1121.982178	7.231421	2.913429
1125.401001	7.239968	2.899546
1128.820068	7.248396	2.885663
1132.239258	7.256704	2.871781
1135.658691	7.264894	2.857901
1139.078369	7.272966	2.844023
1142.498047	7.28092	2.830148
1145.918091	7.288757	2.816277
1149.338257	7.296477	2.80241
1152.758545	7.304081	2.788549
1156.179199	7.31157	2.774693
1159.599854	7.318943	2.760845
1163.020874	7.326202	2.747003
1166.442017	7.333347	2.733169
1169.863281	7.340378	2.719343
1173.28479	7.347295	2.705527
1176.706421	7.354101	2.691721
1180.128174	7.360794	2.677925
1183.550171	7.367375	2.664141
1186.972412	7.373845	2.650368
1190.394775	7.380205	2.636608
1193.817261	7.386455	2.62286
1197.23999	7.392594	2.609126
1200.662842	7.398625	2.595407
1204.085815	7.404548	2.581702
1207.509033	7.410362	2.568013
1210.932373	7.416068	2.55434
1214.355835	7.421668	2.540683
1217.779541	7.427161	2.527044
1221.203369	7.432548	2.513422
1224.627319	7.437829	2.499819
1228.051514	7.443005	2.486235
1231.47583	7.448077	2.47267
1234.900146	7.453045	2.459125
1238.324829	7.457909	2.4456
1241.749512	7.46267	2.432097
1245.174438	7.467329	2.418615
1248.599365	7.471886	2.405155
1252.024536	7.476341	2.391718
1255.449951	7.480695	2.378304
1258.875244	7.484949	2.364914
1262.300903	7.489103	2.351548
1265.726685	7.493157	2.338206
1269.152466	7.497113	2.32489
1272.578491	7.50097	2.311599
1276.004639	7.504729	2.298335
1279.430908	7.508391	2.285097
1282.857178	7.511955	2.271886
1286.283691	7.515424	2.258703
1289.710327	7.518796	2.245547
1293.137085	7.522073	2.23242
1296.563965	7.525256	2.219322
1299.990967	7.528344	2.206254
1303.418213	7.531338	2.193214
1306.845459	7.534238	2.180206
1310.272705	7.537046	2.167228
1313.700195	7.539761	2.154281
1317.127808	7.542385	2.141366
1320.55542	7.544917	2.128483
1323.983276	7.547358	2.115631
1327.411255	7.549709	2.102813
1330.839233	7.55197	2.090028
1334.267334	7.554141	2.077277
1337.695557	7.556224	2.064559
1341.123901	7.558218	2.051876
1344.552368	7.560124	2.039228
1347.980835	7.561944	2.026615
1351.409424	7.563676	2.014037
1354.838135	7.565321	2.001496
1358.266968	7.566881	1.98899
1361.695923	7.568356	1.976522
1365.124878	7.569745	1.96409
1368.553955	7.57105	1.951696
1371.983154	7.572271	1.939339
1375.412476	7.573409	1.927021
1378.841797	7.574463	1.914741
1382.27124	7.575435	1.902501
1385.700806	7.576325	1.890298
1389.130371	7.577134	1.878136
1392.559937	7.577861	1.866014
1395.989746	7.578508	1.853932
1399.419556	7.579075	1.84189
1402.849487	7.579563	1.829889
1406.279419	7.579971	1.81793
1409.709473	7.5803	1.806011
1413.139526	7.580552	1.794135
1416.569702	7.580725	1.782301
1420	7.580822	1.770509
1423.430298	7.580842	1.75876
1426.860596	7.580785	1.747054
1430.291138	7.580653	1.735392
1433.721558	7.580446	1.723773
1437.1521	7.580163	1.712198
1440.582764	7.579807	1.700668
1444.013428	7.579376	1.689182
1447.444092	7.578872	1.677741
1450.874756	7.578295	1.666345
1454.305664	7.577646	1.654994
1457.736572	7.576924	1.643689
1461.167358	7.576131	1.63243
1464.598389	7.575268	1.621218
1468.029297	7.574333	1.610052
1471.460327	7.573328	1.598933
1474.891357	7.572254	1.58786
1478.32251	7.57111	1.576835
1481.753662	7.569898	1.565858
1485.184814	7.568617	1.554929
1488.616089	7.567268	1.544048
1492.047363	7.565853	1.533215
1495.478638	7.56437	1.522431
1498.909912	7.56282	1.511696
1502.341187	7.561205	1.501009
1505.772583	7.559524	1.490373
1509.203979	7.557778	1.479785
1512.635376	7.555968	1.469248
1516.066772	7.554093	1.458761
1519.498291	7.552155	1.448324
1522.92981	7.550152	1.437938
1526.361206	7.548088	1.427603
1529.792725	7.545961	1.417318
1533.224243	7.543772	1.407086
1536.655762	7.541522	1.396904
1540.08728	7.53921	1.386775
1543.518799	7.536838	1.376697
1546.950439	7.534406	1.366671
1550.381958	7.531914	1.356698
1553.813477	7.529363	1.346778
1557.245117	7.526753	1.33691
1560.676636	7.524085	1.327096
1564.108154	7.521358	1.317335
1567.539795	7.518575	1.307627
1570.971313	7.515735	1.297973
1574.402832	7.512837	1.288373
1577.834351	7.509884	1.278827
1581.265869	7.506875	1.269336
1584.69751	7.50381	1.259899
1588.129028	7.500691	1.250517
1591.560425	7.497518	1.24119
1594.991943	7.494291	1.231917
1598.423462	7.49101	1.222701
1601.854858	7.487676	1.21354
1605.286377	7.48429	1.204434
1608.717651	7.480851	1.195385
1612.14917	7.477361	1.186392
1615.580444	7.473819	1.177455
1619.011841	7.470226	1.168575
1622.443115	7.466584	1.159751
1625.874268	7.462891	1.150985
1629.305542	7.459148	1.142275
1632.736816	7.455357	1.133623
1636.167969	7.451517	1.125028
1639.598999	7.447628	1.116491
1643.030273	7.443693	1.108012
1646.461304	7.439709	1.099591
1649.892334	7.435678	1.091228
1653.323242	7.431602	1.082923
1656.754272	7.427479	1.074677
1660.185181	7.423311	1.06649
1663.615967	7.419097	1.058362
1667.046631	7.414839	1.050293
1670.477539	7.410537	1.042283
1673.908203	7.40619	1.034332
1677.338867	7.401801	1.026442
1680.769531	7.397368	1.018611
1684.199951	7.392893	1.01084
1687.630493	7.388376	1.003129
