192.56352	1.02921	1.43697
194.15912	1.02732	1.47317
195.75473	1.02755	1.50686
197.35039	1.02947	1.53849
198.94606	1.03277	1.56839
200.54176	1.0372	1.59683
202.13748	1.04258	1.62402
203.73325	1.04877	1.65015
205.32903	1.05566	1.67533
206.92484	1.06315	1.69969
208.52066	1.07118	1.72333
210.1165	1.07968	1.74631
211.71237	1.08861	1.76871
213.30827	1.09792	1.79057
214.90421	1.10758	1.81196
216.50015	1.11757	1.8329
218.09612	1.12785	1.85344
219.69209	1.13841	1.8736
221.28812	1.14922	1.89341
222.88413	1.16028	1.9129
224.48019	1.17157	1.93208
226.07626	1.18308	1.95097
227.67236	1.19479	1.96959
229.26846	1.20669	1.98795
230.86459	1.21879	2.00606
232.46074	1.23106	2.02394
234.05692	1.24351	2.04159
235.65311	1.25613	2.05903
237.24931	1.26892	2.07625
238.84554	1.28186	2.09328
240.44177	1.29495	2.11011
242.03801	1.30819	2.12675
243.63431	1.32158	2.14321
245.23056	1.33512	2.15949
246.82687	1.34879	2.17559
248.42319	1.3626	2.19153
250.01953	1.37654	2.20729
251.61588	1.39062	2.22289
253.21223	1.40482	2.23833
254.80859	1.41916	2.2536
256.40497	1.43362	2.26873
258.0014	1.4482	2.28369
259.59781	1.46291	2.2985
261.19421	1.47773	2.31316
262.79065	1.49268	2.32768
264.38709	1.50774	2.34204
265.98355	1.52293	2.35625
267.58002	1.53822	2.37032
269.17648	1.55363	2.38424
270.77298	1.56915	2.39802
272.36945	1.58478	2.41165
273.96597	1.60053	2.42513
275.56247	1.61638	2.43848
277.159	1.63234	2.45168
278.75552	1.64841	2.46474
280.35208	1.66458	2.47765
281.94861	1.68086	2.49042
283.54514	1.69725	2.50305
285.14169	1.71373	2.51553
286.73825	1.73032	2.52788
288.33484	1.74701	2.54008
289.9314	1.7638	2.55213
291.52799	1.78069	2.56404
293.12457	1.79768	2.57581
294.72113	1.81477	2.58743
296.31772	1.83195	2.59891
297.91431	1.84923	2.61024
299.5109	1.8666	2.62143
301.10748	1.88407	2.63247
302.70407	1.90163	2.64336
304.30069	1.91928	2.65411
305.89728	1.93702	2.6647
307.49387	1.95485	2.67515
309.09049	1.97277	2.68545
310.68707	1.99078	2.6956
312.28366	2.00887	2.70559
313.88028	2.02705	2.71544
315.47687	2.04531	2.72513
317.07346	2.06366	2.73467
318.67004	2.08209	2.74405
320.26663	2.1006	2.75328
321.86322	2.11919	2.76235
323.45981	2.13786	2.77126
325.0564	2.15661	2.78002
326.65295	2.17543	2.78862
328.24954	2.19433	2.79705
329.84613	2.21331	2.80533
331.44269	2.23235	2.81345
333.03925	2.25147	2.8214
334.63577	2.27065	2.82919
336.23233	2.28991	2.83681
337.82886	2.30923	2.84427
339.42539	2.32862	2.85156
341.02191	2.34807	2.85869
342.61844	2.36758	2.86565
344.21494	2.38716	2.87244
345.81146	2.4068	2.87906
347.40793	2.42649	2.8855
349.00443	2.44624	2.89178
350.60089	2.46605	2.89788
352.19736	2.4859	2.90381
353.79379	2.50582	2.90956
355.39026	2.52578	2.91514
356.98666	2.54578	2.92054
358.5831	2.56584	2.92577
360.1795	2.58594	2.93082
361.77591	2.60608	2.93568
363.37228	2.62627	2.94037
364.96866	2.64649	2.94488
366.565	2.66675	2.9492
368.16135	2.68705	2.95335
369.75766	2.70737	2.95731
371.35397	2.72774	2.96109
372.95029	2.74813	2.96468
374.54657	2.76854	2.96809
376.14285	2.78899	2.97131
377.73908	2.80945	2.97435
379.33533	2.82994	2.9772
380.93155	2.85045	2.97986
382.52777	2.87097	2.98233
384.12393	2.89151	2.98462
385.72009	2.91206	2.98671
387.31622	2.93262	2.98862
388.91238	2.95319	2.99034
390.50848	2.97377	2.99186
392.10455	2.99434	2.9932
393.70062	3.01492	2.99435
395.29669	3.0355	2.9953
396.89273	3.05608	2.99606
398.48871	3.07665	2.99663
400.08472	3.09721	2.99701
401.6807	3.11776	2.9972
403.27664	3.1383	2.9972
404.87256	3.15882	2.997
406.46845	3.17933	2.99661
408.06433	3.19981	2.99603
409.66016	3.22028	2.99526
411.25601	3.24072	2.99429
412.85181	3.26113	2.99314
414.44757	3.2815	2.99179
416.0433	3.30185	2.99025
417.63907	3.32217	2.98852
419.23477	3.34244	2.9866
420.83041	3.36268	2.98449
422.42609	3.38287	2.98219
424.02173	3.40302	2.9797
425.61728	3.42312	2.97702
427.21289	3.44317	2.97416
428.80841	3.46317	2.9711
430.4039	3.48311	2.96786
431.99942	3.50299	2.96444
433.59482	3.52282	2.96082
435.19028	3.54258	2.95703
436.78565	3.56228	2.95304
438.38101	3.58192	2.94888
439.97638	3.60148	2.94453
441.57163	3.62097	2.94001
443.16693	3.64038	2.9353
444.76215	3.65972	2.93042
446.35736	3.67898	2.92535
447.95255	3.69816	2.92011
449.54767	3.71726	2.9147
451.14276	3.73627	2.90911
452.73785	3.75519	2.90335
454.33286	3.77402	2.89742
455.92789	3.79275	2.89131
457.52286	3.81139	2.88504
459.11777	3.82994	2.8786
460.71271	3.84838	2.872
462.30756	3.86673	2.86523
463.90241	3.88497	2.8583
465.49716	3.9031	2.85121
467.09189	3.92113	2.84396
468.68662	3.93904	2.83656
470.28131	3.95685	2.829
471.87592	3.97454	2.82128
473.47052	3.99211	2.81341
475.06509	4.00957	2.80539
476.65961	4.02691	2.79723
478.25409	4.04413	2.78892
479.84854	4.06122	2.78046
481.44293	4.07819	2.77186
483.03729	4.09504	2.76313
484.63159	4.11175	2.75425
486.22589	4.12834	2.74524
487.82013	4.1448	2.73609
489.41431	4.16112	2.72681
491.00845	4.17731	2.71741
492.60254	4.19336	2.70787
494.19663	4.20928	2.69821
495.79062	4.22506	2.68843
497.38461	4.2407	2.67852
498.97852	4.2562	2.6685
500.57242	4.27156	2.65836
502.16626	4.28678	2.64811
503.76007	4.30185	2.63774
505.35382	4.31678	2.62727
506.94751	4.33156	2.61669
508.54117	4.3462	2.606
510.13477	4.36069	2.59521
511.72833	4.37502	2.58433
513.32184	4.38921	2.57334
514.91528	4.40325	2.56226
516.50867	4.41714	2.55108
518.10205	4.43088	2.53982
519.69544	4.44447	2.52847
521.2887	4.4579	2.51703
522.8819	4.47118	2.5055
524.47504	4.4843	2.4939
526.06818	4.49728	2.48222
527.66126	4.51009	2.47046
529.25421	4.52276	2.45863
530.84717	4.53526	2.44672
532.44006	4.54762	2.43475
534.03296	4.55981	2.4227
535.62573	4.57186	2.4106
537.21851	4.58374	2.39843
538.81116	4.59547	2.3862
540.40381	4.60704	2.37391
541.9964	4.61846	2.36157
543.58893	4.62972	2.34918
545.1814	4.64083	2.33673
546.7738	4.65178	2.32424
548.36615	4.66257	2.3117
549.9585	4.67321	2.29911
551.55072	4.6837	2.28648
553.14294	4.69403	2.27381
554.73505	4.7042	2.26111
556.32715	4.71422	2.24837
557.91913	4.72409	2.23559
559.51111	4.7338	2.22278
561.10297	4.74336	2.20995
562.69482	4.75277	2.19708
564.28662	4.76203	2.1842
565.8783	4.77113	2.17128
567.47003	4.78009	2.15835
569.06165	4.78889	2.1454
570.65314	4.79755	2.13243
572.24463	4.80605	2.11944
573.83606	4.81441	2.10644
575.42737	4.82262	2.09343
577.01868	4.83068	2.08041
578.60986	4.8386	2.06738
580.20105	4.84637	2.05434
581.79211	4.85399	2.0413
583.38318	4.86148	2.02826
584.97412	4.86882	2.01521
586.56506	4.87602	2.00216
588.15588	4.88307	1.98912
589.7467	4.88999	1.97608
591.33734	4.89677	1.96305
592.92798	4.90341	1.95002
594.51856	4.90991	1.937
596.10907	4.91627	1.92399
597.69952	4.9225	1.91099
599.28992	4.9286	1.89801
600.88019	4.93456	1.88504
602.4704	4.94039	1.87208
604.06061	4.94609	1.85914
605.6507	4.95166	1.84622
607.24072	4.9571	1.83332
608.83069	4.96241	1.82044
610.42053	4.96759	1.80758
612.01038	4.97265	1.79475
613.6001	4.97758	1.78194
615.18976	4.98239	1.76915
616.77936	4.98708	1.75639
618.3689	4.99164	1.74366
619.95837	4.99609	1.73096
621.54773	5.00041	1.71829
623.13702	5.00462	1.70565
624.72626	5.00871	1.69304
626.31543	5.01268	1.68047
627.90448	5.01654	1.66793
629.49353	5.02029	1.65542
631.08246	5.02392	1.64295
632.67127	5.02744	1.63052
634.26013	5.03086	1.61812
635.84876	5.03416	1.60577
637.43738	5.03735	1.59345
639.026	5.04044	1.58117
640.61444	5.04342	1.56894
642.20282	5.0463	1.55674
643.79114	5.04908	1.54459
645.3794	5.05175	1.53248
646.96759	5.05432	1.52042
648.55566	5.05679	1.50839
650.14368	5.05917	1.49642
651.73157	5.06144	1.48449
653.31946	5.06362	1.4726
654.90717	5.0657	1.46077
656.49487	5.06769	1.44898
658.08246	5.06959	1.43724
659.66998	5.0714	1.42554
661.25745	5.07311	1.4139
662.84479	5.07473	1.4023
664.43201	5.07627	1.39076
666.01917	5.07772	1.37927
667.60632	5.07908	1.36782
669.1933	5.08036	1.35643
670.78027	5.08155	1.34509
672.36707	5.08266	1.3338
673.95386	5.08369	1.32256
675.54053	5.08463	1.31138
677.12714	5.0855	1.30025
678.71362	5.08629	1.28917
680.30005	5.08699	1.27814
681.88635	5.08763	1.26717
683.47266	5.08818	1.25626
685.05878	5.08867	1.24539
686.6449	5.08907	1.23459
688.23084	5.08941	1.22383
689.81677	5.08967	1.21314
691.40253	5.08986	1.20249
692.98822	5.08999	1.19191
694.57385	5.09004	1.18138
696.15942	5.09002	1.1709
697.74487	5.08994	1.16048
699.3302	5.0898	1.15012
700.91547	5.08958	1.13981
702.50061	5.08931	1.12956
704.08569	5.08897	1.11936
705.67072	5.08856	1.10922
707.25555	5.0881	1.09914
708.84039	5.08758	1.08911
710.42511	5.08699	1.07915
712.00971	5.08635	1.06923
713.59418	5.08565	1.05938
715.17859	5.08489	1.04958
716.76294	5.08408	1.03984
718.34717	5.08321	1.03015
719.93134	5.08228	1.02052
721.51538	5.0813	1.01095
723.0993	5.08027	1.00144
724.68317	5.07919	0.99198
726.26691	5.07806	0.98258
727.85053	5.07687	0.97323
729.43414	5.07564	0.96395
731.01758	5.07435	0.95471
732.60095	5.07302	0.94554
734.1842	5.07164	0.93642
735.76733	5.07021	0.92736
737.3504	5.06874	0.91836
738.93335	5.06722	0.90941
740.51624	5.06566	0.90051
742.099	5.06406	0.89168
743.68164	5.06241	0.8829
745.26422	5.06072	0.87417
746.84662	5.05898	0.86551
748.42902	5.05721	0.85689
750.01123	5.05539	0.84834
751.59338	5.05354	0.83983
753.17542	5.05165	0.83139
754.75739	5.04972	0.823
756.33923	5.04775	0.81466
757.92096	5.04574	0.80638
759.50256	5.0437	0.79816
761.08411	5.04162	0.78999
762.66553	5.0395	0.78187
764.24683	5.03735	0.77381
765.828	5.03517	0.7658
767.40912	5.03295	0.75785
768.99011	5.0307	0.74995
770.57098	5.02842	0.7421
772.15173	5.02611	0.73431
773.73248	5.02376	0.72657
775.31299	5.02139	0.71889
776.89343	5.01898	0.71125
778.47376	5.01655	0.70367
780.05408	5.01408	0.69615
781.63416	5.01159	0.68867
783.21417	5.00907	0.68125
784.79407	5.00652	0.67388
786.3739	5.00394	0.66657
787.95355	5.00134	0.6593
789.53308	4.99871	0.65209
791.11261	4.99606	0.64493
792.69196	4.99338	0.63782
794.27112	4.99068	0.63076
795.85028	4.98795	0.62375
797.42932	4.9852	0.61679
799.00818	4.98242	0.60989
800.58698	4.97963	0.60303
802.16565	4.97681	0.59622
803.7442	4.97397	0.58947
805.32263	4.9711	0.58276
806.90094	4.96822	0.57611
808.47913	4.96532	0.5695
810.05725	4.96239	0.56294
811.63519	4.95945	0.55643
813.21301	4.95649	0.54997
814.79077	4.9535	0.54356
816.36841	4.9505	0.53719
817.94592	4.94748	0.53088
819.52325	4.94445	0.52461
821.10059	4.94139	0.51839
822.67773	4.93832	0.51222
824.2547	4.93523	0.5061
825.83167	4.93213	0.50002
827.40839	4.92901	0.49399
828.98505	4.92588	0.48801
830.56165	4.92272	0.48207
832.13806	4.91956	0.47618
833.71436	4.91638	0.47033
835.29053	4.91318	0.46453
836.86658	4.90998	0.45878
838.44251	4.90675	0.45307
840.01837	4.90352	0.44741
841.59406	4.90027	0.44179
843.16962	4.89701	0.43622
844.745	4.89374	0.4307
846.32031	4.89046	0.42521
847.89551	4.88716	0.41977
849.47058	4.88385	0.41438
851.04559	4.88053	0.40903
852.62042	4.8772	0.40372
854.19501	4.87386	0.39846
855.76965	4.87051	0.39324
857.34406	4.86716	0.38806
858.91834	4.86379	0.38293
860.49255	4.86041	0.37784
862.06659	4.85702	0.37279
863.6405	4.85362	0.36779
865.21436	4.85022	0.36282
866.78796	4.84681	0.3579
868.36151	4.84338	0.35302
869.93494	4.83996	0.34818
871.50818	4.83652	0.34338
873.08136	4.83308	0.33863
874.65442	4.82963	0.33391
876.22736	4.82617	0.32924
877.80011	4.8227	0.32461
879.37268	4.81923	0.32001
880.94519	4.81576	0.31546
882.51746	4.81228	0.31095
884.08972	4.80879	0.30648
885.6618	4.8053	0.30204
887.23377	4.8018	0.29765
888.80566	4.7983	0.29329
890.37732	4.79479	0.28898
891.94891	4.79128	0.2847
893.52033	4.78776	0.28047
895.09161	4.78424	0.27627
896.66278	4.78072	0.27211
898.23377	4.77719	0.26798
899.80469	4.77366	0.2639
901.37537	4.77012	0.25985
902.94598	4.76659	0.25585
904.51648	4.76305	0.25187
906.08679	4.7595	0.24794
907.65692	4.75596	0.24404
909.22705	4.75241	0.24018
910.797	4.74886	0.23636
912.3667	4.74531	0.23258
913.93634	4.74176	0.22883
915.50586	4.7382	0.22511
917.0752	4.73465	0.22144
918.64441	4.73109	0.2178
920.2135	4.72753	0.21419
921.78241	4.72398	0.21062
923.35126	4.72042	0.20709
924.91992	4.71686	0.20359
926.4884	4.7133	0.20013
928.05676	4.70974	0.1967
929.625	4.70618	0.19331
931.19305	4.70262	0.18995
932.76093	4.69906	0.18662
934.3288	4.69551	0.18333
935.89636	4.69195	0.18008
937.46387	4.68839	0.17686
939.03125	4.68484	0.17367
940.59845	4.68128	0.17052
942.16553	4.67773	0.1674
943.73242	4.67418	0.16431
945.29919	4.67063	0.16126
946.86585	4.66708	0.15824
948.43231	4.66354	0.15525
949.99866	4.66	0.1523
951.56482	4.65646	0.14938
953.13086	4.65292	0.14649
954.69678	4.64938	0.14363
956.26251	4.64585	0.14081
957.82813	4.64232	0.13802
959.39356	4.63879	0.13526
960.9588	4.63527	0.13253
962.52393	4.63175	0.12983
964.08899	4.62823	0.12717
965.65381	4.62472	0.12454
967.21845	4.62121	0.12194
968.78302	4.61771	0.11937
970.34735	4.61421	0.11683
971.91162	4.61071	0.11432
973.47571	4.60722	0.11184
975.03955	4.60373	0.10939
976.60333	4.60025	0.10698
978.16699	4.59677	0.10459
979.73035	4.5933	0.10224
981.29376	4.58983	0.09991
982.85681	4.58636	0.09762
984.4198	4.58291	0.09535
985.98273	4.57945	0.09312
987.54541	4.57601	0.09091
989.10791	4.57257	0.08873
990.67029	4.56913	0.08659
992.23254	4.5657	0.08447
993.79456	4.56228	0.08238
995.35645	4.55886	0.08032
996.91815	4.55545	0.07829
998.4798	4.55205	0.07629
1011.44952	4.52404	0.06075
1014.83752	4.5168	0.05701
1018.22595	4.5096	0.0534
1021.61487	4.50244	0.04991
1025.00427	4.49532	0.04655
1028.39417	4.48823	0.04331
1031.78442	4.48119	0.0402
1035.17529	4.47419	0.03722
1038.56665	4.46723	0.03435
1041.95825	4.46032	0.03161
1045.35059	4.45346	0.02898
1048.74329	4.44665	0.02648
1052.13648	4.43989	0.0241
1055.53003	4.43318	0.02183
1058.92419	4.42652	0.01968
1062.31885	4.41992	0.01765
1065.71387	4.41338	0.01573
1069.1095	4.4069	0.01393
1072.50549	4.40048	0.01224
1075.90198	4.39412	0.01066
1079.29895	4.38783	0.0092
1082.69641	4.38161	0.00785
1086.09436	4.37547	0.0066
1089.49268	4.36939	0.00547
1092.8916	4.36339	0.00445
1096.29089	4.35748	0.00353
1099.69067	4.35165	0.00272
1103.09106	4.3459	0.00202
1106.49182	4.34025	0.00143
1109.89307	4.3347	9.34E-4
1113.29468	4.32926	5.47E-4
1116.69702	4.32392	2.63E-4
1120.09961	4.31871	8.3E-5
1123.50269	4.31365	4E-6
1126.90637	4.30878	0
1130.31043	4.30407	0
1133.71497	4.2995	0
1137.12	4.29505	0
1140.52551	4.2907	0
1143.9314	4.28644	0
1147.33789	4.28228	0
1150.74487	4.27821	0
1154.15222	4.27422	0
1157.56006	4.2703	0
1160.96851	4.26646	0
1164.3772	4.26269	0
1167.7865	4.25898	0
1171.19629	4.25535	0
1174.60657	4.25177	0
1178.01721	4.24826	0
1181.42847	4.2448	0
1184.84009	4.2414	0
1188.2522	4.23805	0
1191.6648	4.23476	0
1195.07788	4.23152	0
1198.49146	4.22833	0
1201.90552	4.22519	0
1205.31995	4.22209	0
1208.73486	4.21904	0
1212.15027	4.21604	0
1215.56616	4.21307	0
1218.98267	4.21015	0
1222.39954	4.20727	0
1225.81677	4.20443	0
1229.23462	4.20163	0
1232.65295	4.19887	0
1236.07166	4.19615	0
1239.49085	4.19346	0
1242.91052	4.19081	0
1246.33081	4.18819	0
1249.75134	4.18561	0
1253.17249	4.18305	0
1256.59399	4.18054	0
1260.01611	4.17805	0
1263.43872	4.1756	0
1266.86157	4.17317	0
1270.28516	4.17078	0
1273.70911	4.16841	0
1277.13355	4.16607	0
1280.55835	4.16376	0
1283.98377	4.16148	0
1287.40967	4.15923	0
1290.83594	4.157	0
1294.2627	4.1548	0
1297.68994	4.15262	0
1301.11768	4.15047	0
1304.5459	4.14835	0
1307.97461	4.14624	0
1311.40369	4.14417	0
1314.83337	4.14211	0
1318.26343	4.14008	0
1321.69409	4.13807	0
1325.12512	4.13608	0
1328.55652	4.13411	0
1331.98853	4.13217	0
1335.42102	4.13024	0
1338.85388	4.12834	0
1342.28735	4.12646	0
1345.72119	4.12459	0
1349.15552	4.12275	0
1352.59045	4.12092	0
1356.02564	4.11912	0
1359.46143	4.11733	0
1362.89771	4.11556	0
1366.33435	4.11381	0
1369.77161	4.11208	0
1373.20923	4.11036	0
1376.64734	4.10866	0
1380.08594	4.10698	0
1383.52502	4.10532	0
1386.9646	4.10367	0
1390.40454	4.10203	0
1393.84497	4.10042	0
1397.28589	4.09882	0
1400.72742	4.09723	0
1404.16931	4.09566	0
1407.61169	4.09411	0
1411.05444	4.09257	0
1414.4978	4.09104	0
1417.94165	4.08953	0
1421.38586	4.08803	0
1424.83069	4.08655	0
1428.27576	4.08508	0
1431.72144	4.08362	0
1435.16773	4.08218	0
1438.61426	4.08075	0
1442.06128	4.07933	0
1445.50891	4.07793	0
1448.95691	4.07654	0
1452.40552	4.07516	0
1455.85437	4.07379	0
1459.30396	4.07243	0
1462.75378	4.07109	0
1466.20422	4.06976	0
1469.65503	4.06844	0
1473.10632	4.06713	0
1476.55823	4.06584	0
1480.0105	4.06455	0
1483.46314	4.06328	0
1486.91638	4.06201	0
1490.37012	4.06076	0
1493.82434	4.05952	0
1497.27893	4.05829	0
1500.73413	4.05707	0
1504.1897	4.05586	0
1507.64575	4.05465	0
1511.10217	4.05346	0
1514.5592	4.05228	0
1518.0166	4.05111	0
1521.47461	4.04995	0
1524.93298	4.0488	0
1528.39185	4.04765	0
1531.8512	4.04652	0
1535.31104	4.04539	0
1538.77124	4.04428	0
1542.23206	4.04317	0
1545.69324	4.04207	0
1549.15503	4.04098	0
1552.61719	4.0399	0
1556.07983	4.03883	0
1559.54297	4.03777	0
1563.00659	4.03671	0
1566.47058	4.03566	0
1569.93518	4.03462	0
1573.40015	4.03359	0
1576.8656	4.03257	0
1580.33154	4.03155	0
1583.79797	4.03054	0
1587.26489	4.02954	0
1590.73218	4.02855	0
1594.19995	4.02756	0
1597.66834	4.02658	0
1601.13709	4.02561	0
1604.60632	4.02465	0
1608.07605	4.02369	0
1611.54614	4.02274	0
1615.01685	4.0218	0
1618.48804	4.02086	0
1621.9596	4.01994	0
1625.43164	4.01901	0
1628.90418	4.0181	0
1632.3772	4.01719	0
1635.85071	4.01629	0
1639.32459	4.01539	0
1642.79907	4.0145	0
1646.27405	4.01362	0
1649.74927	4.01274	0
1653.22522	4.01187	0
1656.70142	4.011	0
1660.1781	4.01014	0
1663.65552	4.00929	0
1667.13318	4.00844	0
1670.61133	4.0076	0
1674.09009	4.00677	0
1677.56909	4.00594	0
1681.04858	4.00511	0
1684.52869	4.00429	0
1688.00916	4.00348	0